[nord]
46 52 64
59 66 82
67 76 94
76 86 106
216 222	233
229	233	240
236	239	244
143	188	187
136	192	208
129	161	193
94	129	172
191	97	106
208	135	112
235	203	139
163	190	140
180	142	173

[velvet]
19 19 18] 
239 145 75
12 23 39
52 202 154 
191 70 65 
10 29 36 
42 175 200
247 133 198 
168 225 225 
193 173 250
86 160 179
225 227 219 
114 208 171 
152 175 181 
143 147 148


[amethyst]
219 190 208
40 22 33
189 188 213
214 217 148
137 172 179
145 220 181
228 201 194
184 120 161
200 198 232
208 170 193
127 173 183
236 223 231
192 194 131
198 70 16
163 48 63
100 152 215
26 31 54
